###
0
0 28 27
1 24 62
###
1
00 37 38
01 18 15
###
2
10 15 60
11 36 64
###
3
000 36 29
001 37 47
###
4
010 17 32
011 18 13
###
5
0110 26 10
0111 12 15
###
6
100 17 57
101 7 68
###
7
0000 28 27
0001 41 30
###
8
0010 30 45
0011 43 48
###
9
1000 20 45
1001 17 61
###
10
01110 14 5
01111 12 19
###
11
110 36 60
111 35 69
###
12
10010 21 67
10011 14 58
###
13
01100 26 5
01101 26 15
###
14
00010 39 28
00011 43 35
###
15
011110 15 23
011111 10 16
###
16
00110 42 44
00111 44 53
###
17
1100 46 66
1101 32 57
###
18
000100 44 26
000101 35 31
###
19
00100 31 47
00101 28 41
###
20
100110 13 53
100111 15 67
###
21
1110 41 70
1111 32 68
###
22
0111110 15 13
0111111 7 17
###
23
011000 29 5
011001 23 5
###
24
011010 23 15
011011 29 15
###
25
11010 35 59
11011 28 56
###
26
00000 26 31
00001 30 24
###
27
1010 7 70
1011 9 63
###
28
001100 39 47
001101 44 42
###
29
001000 35 44
001001 29 49
###
30
1001100 13 57
1001101 13 50
###
31
0111100 14 25
0111101 16 20
###
32
11110 34 70
11111 31 67
###
33
011100 15 4
011101 11 9
###
34
100100 22 70
100101 21 62
###
35
0001000 43 23
0001001 45 29
###
36
01111110 6 19
01111111 9 14
###
37
001110 44 51
001111 44 57
###
38
0100 21 28
0101 14 34
###
39
0001010 33 33
0001011 37 28
###
40
10000 20 51
10001 19 40
###
41
10100 8 71
10101 3 68
###
42
111110 29 70
111111 32 64
###
43
0111000 14 2
0111001 17 6
###
44
0110010 23 2
0110011 23 8
###
45
0110000 29 2
0110001 29 8
###
46
1001000 23 72
1001001 21 68
###
47
0010010 27 47
0010011 30 50
###
48
000110 41 34
000111 46 37
###
49
0110100 23 13
0110101 23 18
###
50
001010 27 39
001011 29 42
###
51
000000 26 34
000001 26 28
###
52
01111000 11 24
01111001 16 26
###
53
10011010 14 47
10011011 12 52
###
54
110110 26 54
110111 29 57
###
55
0110110 29 18
0110111 29 13
###
56
110100 33 61
110101 38 57
###
57
11000 45 62
11001 47 69
###
58
1001110 15 62
1001111 15 70
###
59
000010 26 23
000011 32 25
###
60
0011100 43 52
0011101 47 50
###
61
0011010 41 40
0011011 46 44
###
62
101000 10 70
101001 6 72
###
63
01010 13 36
01011 16 33
###
64
00010000 46 23
00010001 41 24
###
65
11100 43 70
11101 39 70
###
66
011111100 8 20
011111101 4 19
###
67
0011000 37 49
0011001 41 46
###
68
011111110 11 16
011111111 8 13
###
69
00010010 44 28
00010011 47 30
###
70
00010100 32 31
00010101 34 34
###
71
01110000 12 3
01110001 16 1
###
72
01111100 18 13
01111101 14 14
###
73
00111000 41 51
00111001 46 53
###
74
100010 19 39
100011 20 43
###
75
01111010 17 19
01111011 14 20
###
76
00010110 36 27
00010111 38 30
###
77
1101110 32 57
1101111 26 58
###
78
10011000 17 57
10011001 10 58
###
79
100000 20 54
100001 20 49
###
80
0010000 36 40
0010001 34 46
###
81
00100110 32 51
00100111 26 50
###
82
1111110 38 64
1111111 28 64
###
83
0010110 32 41
0010111 26 42
###
84
0000110 31 26
0000111 33 22
###
85
01100100 22 1
01100101 24 3
###
86
01100000 28 1
01100001 30 3
###
87
10010000 20 72
10010001 24 71
###
88
100110110 11 53
100110111 14 52
###
89
1111100 28 67
1111101 29 71
###
90
0001100 42 34
0001101 39 34
###
91
01101010 25 18
01101011 21 18
###
92
011110010 17 28
011110011 16 25
###
93
01000 21 32
01001 21 24
###
94
0000010 25 27
0000011 27 29
###
95
0011110 47 58
0011111 42 56
###
96
00110010 42 47
00110011 39 44
###
97
10110 6 62
10111 10 63
###
98
10011110 15 68
10011111 15 72
###
99
1001010 19 63
1001011 22 60
###
100
1010000 10 72
1010001 9 69
###
101
01101100 31 18
01101101 28 18
###
102
1101010 36 54
1101011 38 58
###
103
110000 46 64
110001 45 61
###
104
000100010 41 24
000100011 39 22
###
105
111010 39 71
111011 38 67
###
106
01100110 25 8
01100111 22 8
###
107
0001110 47 35
0001111 46 38
###
108
10010010 23 68
10010011 20 68
###
109
01101110 31 13
01101111 28 13
###
110
01110010 17 7
01110011 17 4
###
111
01100010 31 8
01100011 28 8
###
112
01101000 25 13
01101001 22 13
###
113
0000000 28 34
0000001 25 34
###
114
1101000 37 61
1101001 29 61
###
115
0111111110 7 14
0111111111 9 12
###
116
000100100 47 27
000100101 42 29
###
117
011110000 12 25
011110001 10 23
###
118
010110 14 32
010111 17 34
###
119
00110110 46 45
00110111 46 42
###
120
110010 47 67
110011 48 72
###
121
00100010 33 46
00100011 35 46
###
122
001001100 32 50
001001101 32 52
###
123
111100 34 68
111101 34 72
###
124
00110100 40 39
00110101 42 41
###
125
001110000 42 51
001110001 39 51
###
126
011111010 13 13
011111011 14 16
