25 12 011
25 11 011
25 9 011
25 4 011
25 2 011
25 37 
23 33 101
23 32 101
23 30 101
23 28 101
23 27 101
23 25 101
23 24 101
23 22 101
23 20 010
23 19 010
23 17 010
23 15 010
23 14 010
23 12 011
23 11 011
23 2 011
23 37 101
23 35 101
20 33 
20 32 101
20 30 101
20 28 
20 27 101
20 25 101
20 24 
20 17 010
20 11 010
20 37 101
20 35 101
18 15 010
18 11 010
18 43 100
18 41 100
18 40 100
18 38 
18 37 
18 35 
15 15 010
15 6 
15 37 100
15 35 100
13 15 010
13 11 010
13 9 010
13 7 010
13 6 010
13 43 100
13 41 100
13 37 100
11 11 010
11 9 010
11 7 010
11 43 100
8 11 010
8 43 100
8 41 100
8 40 
8 38 
6 43 100
6 41 
47 37 0000
45 37 0000
42 37 
40 37 0001
37 37 
35 37 0000
32 12 011
32 11 011
32 9 011
32 7 011
32 2 011
32 1 011
32 37 0000
30 12 011
30 11 011
30 9 011
30 7 011
30 6 011
30 4 011
30 2 011
30 1 011
30 37 0000
28 12 011
28 11 011
28 9 011
28 7 011
28 6 011
28 4 011
28 1 011
28 37 0000
