25 12 01100
25 11 01100
25 9 01100
25 4 01100
25 2 01101
25 37 
23 33 101
23 32 101
23 30 101
23 28 101
23 27 101
23 25 101
23 24 101
23 22 101
23 20 01001
23 19 01001
23 17 01001
23 15 01001
23 14 01001
23 12 01100
23 11 01100
23 2 01100
23 37 101
23 35 101
20 33 
20 32 101
20 30 101
20 28 
20 27 101
20 25 101
20 24 
20 17 01001
20 11 01001
20 37 101
20 35 101
18 15 01001
18 11 01001
18 43 1000
18 41 1000
18 40 1000
18 38 
18 37 
18 35 
15 15 01000
15 6 
15 37 1000
15 35 1000
13 15 01000
13 11 01000
13 9 01000
13 7 0101
13 6 0101
13 43 1000
13 41 1000
13 37 1000
11 11 01000
11 9 01000
11 7 01000
11 43 1001
8 11 01000
8 43 1001
8 41 1001
8 40 
8 38 
6 43 1001
6 41 
47 37 00000
45 37 00000
42 37 
40 37 0001
37 37 
35 37 00001
32 12 01100
32 11 01100
32 9 01101
32 7 01101
32 2 01101
32 1 01101
32 37 00001
30 12 01100
30 11 01100
30 9 01100
30 7 01101
30 6 01101
30 4 01101
30 2 01101
30 1 01101
30 37 00001
28 12 01100
28 11 01100
28 9 01100
28 7 01100
28 6 01101
28 4 01101
28 1 01101
28 37 00001
