25 18 01101010
25 16 01101010
25 14 01101000
25 6 01100110
25 4 01100101
25 55 110110
23 50 
23 48 
23 45 
23 43 
23 40 
23 38 
23 36 
23 33 
23 31 
23 28 
23 26 
23 23 
23 21 
23 18 01101011
23 16 01101011
23 4 01100101
23 55 
23 53 
20 50 100001
20 48 100001
20 45 
20 43 100011
20 40 100010
20 38 
20 36 
20 26 
20 16 
20 55 100000
20 53 
18 23 01111010
18 16 01111100
18 65 
18 62 
18 60 
18 57 10011000
18 55 100000
18 53 
15 23 01111011
15 9 
15 55 100110111
15 53 100110111
13 23 011110000
13 16 011111011
13 14 011111010
13 11 011101
13 9 011101
13 65 
13 62 
13 55 100110110
11 16 011111110
11 14 0111111111
11 11 011101
11 65 
8 16 0111111110
8 65 
8 62 
8 60 
8 57 10011001
6 65 10101
6 62 10110
47 55 00111001
45 55 
42 55 0011111
40 55 0011111
37 55 1101010
35 55 1101010
32 18 01101100
32 16 01101100
32 14 01101110
32 11 01101110
32 4 01100001
32 1 01100001
32 55 1101110
30 18 01101100
30 16 01101100
30 14 01101110
30 11 01101110
30 9 01100010
30 6 01100010
30 4 01100001
30 1 01100000
30 55 110110
28 18 01101101
28 16 01101101
28 14 01101111
28 11 01101111
28 9 01100011
28 6 01100011
28 1 01100000
28 55 110110
