###
0
0 31 21
1 22 40
###
1
00 39 28
01 20 10
###
2
000 39 34
001 39 20
###
3
10 16 38
11 37 47
###
4
010 28 7
011 13 12
###
5
100 14 42
101 20 27
###
6
0000 38 32
0001 40 40
###
7
00000 32 32
00001 45 33
###
8
0010 30 19
0011 44 20
###
9
1000 18 41
1001 8 46
###
10
0110 17 9
0111 12 13
###
11
0100 30 5
0101 25 10
###
12
10000 16 39
10001 23 44
###
13
00110 47 17
00111 42 22
###
14
01110 17 16
01111 9 11
###
15
000000 32 29
000001 31 36
###
16
000010 46 36
000011 44 30
###
17
110 49 46
111 34 47
###
18
01000 28 3
01001 32 8
###
19
100000 15 35
100001 16 45
###
20
1010 22 32
1011 18 22
###
21
1110 28 48
1111 37 46
###
22
001110 39 21
001111 47 24
###
23
011110 7 13
011111 10 9
###
24
00100 28 21
00101 32 17
###
25
10010 7 44
10011 9 48
###
26
0000000 34 30
0000001 31 27
###
27
0000110 45 31
0000111 43 27
###
28
11110 38 48
11111 35 44
###
29
0000100 46 38
0000101 46 35
###
30
011100 14 15
011101 19 16
###
31
010000 25 3
010001 31 2
###
32
0011100 36 22
0011101 41 20
###
33
0000010 30 37
0000011 33 34
###
34
1000000 15 34
1000001 12 39
###
35
01010 26 9
01011 23 13
###
36
001100 46 15
001101 48 19
###
37
10100 22 28
10101 22 35
###
38
010010 32 11
010011 32 6
###
39
10110 22 21
10111 16 23
###
40
10000000 17 37
10000001 15 33
###
41
1000010 16 42
1000011 17 47
###
42
00001100 42 31
00001101 49 30
###
43
00010 47 42
00011 38 39
###
44
100010 22 45
100011 26 41
###
45
0111100 9 14
0111101 5 13
###
46
010100 28 11
010101 24 8
###
47
111100 41 48
111101 36 47
###
48
001010 34 18
001011 29 15
###
49
100100 4 45
100101 10 42
###
50
0111110 9 7
0111111 11 11
###
51
001000 28 22
001001 28 19
###
52
00000000 28 31
00000001 36 30
###
53
000110 34 42
000111 38 39
###
54
100000010 16 32
100000011 13 35
###
55
00111010 41 22
00111011 40 18
###
56
1000100 21 42
1000101 22 47
###
57
00001010 49 35
00001011 43 34
###
58
00000100 30 36
00000101 29 39
###
59
0100000 27 5
0100001 25 2
###
60
01100 16 9
01101 20 9
###
61
00000010 28 29
00000011 31 27
###
62
100110 11 48
100111 7 48
###
63
101110 15 23
101111 18 23
###
64
0111010 19 14
0111011 19 18
###
65
11100 27 48
11101 31 47
###
66
0011110 50 24
0011111 47 24
###
67
0001110 36 39
0001111 40 39
###
68
0011010 49 21
0011011 47 18
###
69
0111000 14 17
0111001 15 14
###
70
101010 22 33
101011 22 37
###
71
1100 50 46
1101 45 46
###
72
000011000 40 31
000011001 44 31
###
73
0010100 35 15
0010101 33 19
###
74
000000010 35 31
000000011 38 28
###
75
000000110 34 27
000000111 28 26
###
76
0100010 33 1
0100011 30 3
###
77
00111110 49 26
00111111 45 23
###
78
0011000 48 15
0011001 42 15
###
79
101000 23 28
101001 20 27
###
80
0100100 32 10
0100101 33 12
###
81
0100110 31 7
0100111 34 5
###
82
10000110 16 48
10000111 17 46
###
83
00001000 50 39
00001001 45 38
###
84
011000 15 8
011001 16 11
###
85
1111010 35 48
1111011 37 47
###
86
01111010 5 14
01111011 6 11
###
87
00111000 34 23
00111001 37 21
###
88
10000100 16 41
10000101 16 43
###
89
0101010 26 8
0101011 23 7
###
90
111000 28 46
111001 26 49
###
91
00000110 34 34
00000111 28 34
###
92
01111100 11 7
01111101 8 8
###
93
1011100 14 24
1011101 16 22
###
94
01000010 23 3
01000011 26 1
###
95
1001000 6 44
1001001 2 48
###
96
0010010 27 19
0010011 29 19
###
97
10001010 23 46
10001011 22 49
###
98
11000 51 47
11001 49 44
###
99
111110 40 44
111111 30 44
