46 13
46 7
42 5
30 15
26 13
24 13
26 5
8 5
8 7
10 5
40 7
28 15
40 5
30 5
30 13
30 7
24 5
24 7
26 7
28 5
28 7
28 13
44 14
46 14
46 6
42 6
8 6
40 6
28 14
30 6
30 14
24 6
26 6
28 6
40 8
44 12
46 12
26 12
24 12
30 8
30 12
24 8
26 8
28 8
28 12
40 11
40 9
44 9
46 11
46 9
26 11
24 11
30 9
30 11
24 9
26 9
28 9
28 11
40 10
46 10
24 10
30 10
26 10
28 10
26 20
40 20
40 0
30 0
28 0
26 0
24 0
42 4
42 0
44 0
46 0
44 4
30 16
28 16
24 20
24 4
8 4
8 0
10 0
12 0
10 4
12 4
14 0
40 4
30 4
26 4
28 4
30 19
40 19
46 19
44 19
42 3
42 1
44 1
44 3
46 1
46 3
28 17
26 19
8 3
8 1
10 1
12 1
10 3
12 3
14 1
10 19
40 1
30 1
28 1
26 1
24 1
40 3
24 3
30 3
28 3
26 3
19 52
42 2
44 2
46 2
26 18
8 2
12 2
10 2
14 2
40 2
24 2
26 2
28 2
30 2
19 25
19 22
19 1
19 32
19 0
19 16
19 2
19 9
19 8
19 10
19 13
19 5
19 12
19 14
19 4
19 6
19 15
19 3
19 7
19 11
31 31
31 27
31 28
31 30
31 29
47 29
33 7
37 7
33 20
33 30
33 28
33 26
37 0
33 0
37 10
33 12
33 10
33 2
33 8
37 4
37 8
37 2
33 4
33 6
37 6
33 21
33 29
37 25
33 25
37 1
33 1
37 9
33 13
33 5
37 5
33 9
33 19
37 19
33 27
37 3
33 3
33 11
47 47
7 43
7 47
31 15
23 11
31 11
47 45
7 45
23 13
31 13
15 44
47 14
47 46
7 44
7 46
31 14
23 12
31 12
15 39
31 19
47 19
47 39
47 51
23 51
7 39
7 51
15 3
7 3
7 7
7 19
23 7
31 7
39 7
23 3
39 3
31 3
7 35
31 21
47 5
7 37
23 21
7 5
7 21
23 5
39 5
31 5
31 22
31 20
47 6
7 36
7 38
7 52
23 20
15 4
7 4
7 6
7 20
7 22
15 22
23 6
39 6
23 4
39 4
31 6
31 4
47 52
39 52
31 52
23 52
15 52
39 25
31 25
23 25
15 25
47 49
23 49
7 41
7 49
47 1
7 1
15 1
7 17
39 1
31 1
23 9
23 1
31 9
31 32
31 26
23 32
15 32
47 34
47 48
47 50
23 48
23 50
7 40
7 48
7 50
7 42
39 0
31 0
23 0
47 0
47 2
7 0
7 2
7 8
15 0
15 2
7 18
39 2
39 8
23 10
23 8
23 2
31 2
31 10
31 8
33 51
37 42
33 48
33 50
37 52
33 52
37 37
33 49
35 32
35 19
35 52
35 25
35 9
35 10
35 8
35 5
35 12
35 6
35 4
35 11
35 3
35 7
35 1
35 0
35 2
43 1
11 1
27 1
27 34
27 0
43 2
43 0
11 2
11 0
27 2
43 18
27 18
27 16
27 17
27 22
43 14
43 12
43 4
11 4
11 22
27 14
27 4
27 6
27 12
43 5
11 5
11 21
27 13
27 5
43 23
43 19
43 15
43 3
11 3
11 19
27 15
27 3
27 7
27 11
43 24
43 10
27 8
27 10
27 25
43 9
27 9
32 19
34 19
36 19
38 19
38 49
38 51
36 49
36 51
38 50
36 50
36 20
38 20
38 48
34 48
32 48
38 52
36 52
34 52
32 52
36 39
36 37
38 37
38 39
36 21
38 21
38 15
38 13
38 31
38 29
36 31
36 29
32 13
36 5
36 7
32 5
34 7
34 5
38 7
38 5
32 7
36 38
36 22
38 22
38 14
38 30
36 30
32 14
38 6
36 6
34 6
32 6
36 41
38 11
38 27
36 27
38 25
36 25
34 25
32 25
36 11
34 9
38 9
36 9
34 11
32 11
32 9
38 42
36 42
38 10
38 26
36 26
36 10
34 10
32 10
36 40
38 40
38 12
38 28
36 28
34 12
38 8
36 8
34 8
32 12
32 8
41 47
13 47
9 47
36 32
41 51
25 51
13 51
9 51
41 49
13 49
9 49
41 50
41 48
25 50
13 48
13 50
9 50
9 48
9 52
13 52
45 52
41 52
29 52
25 52
41 46
41 44
41 42
41 40
41 36
41 34
29 40
29 42
29 44
29 34
29 36
41 32
25 32
45 14
45 12
9 40
9 36
13 36
13 40
13 38
13 42
13 44
13 46
9 46
9 44
9 42
9 38
41 2
41 0
29 0
25 0
45 0
45 2
41 6
45 4
25 8
9 0
9 2
9 4
9 6
13 0
13 2
41 4
29 2
25 2
29 14
29 12
29 10
29 8
29 6
29 4
25 4
25 6
25 10
41 45
41 41
41 37
41 33
29 41
29 37
45 9
13 37
13 41
13 45
9 45
9 41
9 37
41 1
45 1
9 1
9 5
13 1
41 5
29 1
25 1
29 9
29 5
25 5
25 9
29 13
41 43
41 35
29 43
29 35
13 43
9 43
41 3
45 3
25 11
9 3
13 3
25 3
29 11
29 3
9 35
13 35
9 39
13 39
29 7
25 7
41 15
41 31
29 15
29 21
29 17
41 29
41 25
29 25
25 25
25 22
29 20
29 18
41 16
41 30
41 28
41 26
29 16
25 18
9 22
29 19
41 27
45 19
25 19
9 19
44 28
44 24
28 28
26 28
14 28
44 27
44 25
28 27
26 27
40 25
30 25
28 25
26 25
24 25
14 25
14 27
44 26
28 26
26 26
14 26
44 31
44 29
24 21
26 21
40 21
28 29
26 29
26 31
14 31
14 29
46 31
46 29
44 30
24 22
26 22
40 22
28 30
26 30
14 30
46 30
8 22
10 22
14 22
26 36
44 48
44 36
44 32
40 32
26 32
24 32
14 32
28 48
24 48
8 36
10 36
12 36
12 48
10 48
8 48
8 52
10 52
12 52
38 0
36 0
34 0
32 0
38 4
34 4
36 4
32 4
46 52
44 52
42 52
40 52
30 52
28 52
26 52
24 52
14 52
14 48
14 36
26 34
28 34
44 50
46 34
30 50
28 50
12 50
10 50
8 50
34 2
38 2
36 2
32 2
14 50
26 35
44 49
44 51
46 35
30 49
30 51
28 49
28 51
12 49
12 51
10 49
10 51
8 49
8 51
38 1
36 1
34 1
32 1
32 3
36 3
38 3
34 3
14 51
14 49
8 35
10 35
12 35
14 35
28 40
28 44
26 44
26 40
44 44
44 40
46 44
8 40
12 44
8 44
10 44
10 40
12 40
14 40
14 44
26 42
44 42
46 42
12 42
8 42
10 42
14 42
26 43
26 41
44 41
44 43
46 41
46 43
12 43
10 43
8 41
10 41
12 41
8 43
14 41
14 43
26 38
44 46
44 38
46 38
8 38
12 46
8 46
10 38
12 38
10 46
14 46
14 38
26 39
28 37
26 37
44 47
44 45
44 39
44 37
46 39
46 45
10 39
8 39
8 37
12 37
12 39
12 45
12 47
10 47
8 45
8 47
10 45
10 37
14 47
14 37
14 39
14 45
5 47
1 47
5 39
1 39
5 43
5 51
1 51
1 43
1 35
5 35
5 50
5 48
5 42
5 40
5 36
5 38
5 52
5 44
5 46
1 52
1 48
1 46
1 44
1 42
1 40
1 50
1 36
1 38
5 49
5 45
5 41
5 37
1 49
1 45
1 41
1 37
5 15
1 15
5 16
5 18
1 16
1 20
1 18
1 14
5 0
5 2
5 4
5 6
5 8
1 4
1 2
1 0
1 12
1 6
1 8
1 10
5 12
5 10
5 14
5 22
1 22
5 20
5 17
5 21
1 21
1 17
5 1
5 5
5 9
1 5
1 1
1 13
1 9
5 13
5 19
1 19
5 3
1 3
1 11
5 11
5 7
1 7
11 49
27 48
11 50
11 48
27 37
11 37
11 45
6 2
4 2
0 2
2 2
27 44
11 36
11 46
11 38
11 44
11 52
6 3
6 1
4 3
4 1
0 1
0 3
2 3
2 1
43 52
27 52
11 43
11 47
11 51
11 39
6 4
6 0
4 4
4 0
0 0
0 4
2 4
2 0
11 35
11 41
27 40
11 40
11 42
6 36
4 36
0 32
0 36
2 36
0 34
0 33
0 35
2 35
4 35
6 35
6 44
4 44
6 40
4 40
0 44
0 40
2 40
2 44
6 8
4 8
2 12
0 12
0 8
2 8
4 12
0 24
0 28
6 41
4 43
4 41
6 43
0 43
0 41
2 41
2 43
4 9
0 11
0 9
2 11
2 9
4 11
0 25
0 27
4 42
6 42
2 42
0 42
4 10
0 10
2 10
0 26
6 47
6 45
6 37
6 39
4 47
4 45
4 37
4 39
0 45
0 47
0 39
2 37
2 45
2 47
6 21
4 21
4 15
4 13
2 21
2 15
6 7
6 5
4 7
4 5
0 5
0 13
0 7
2 7
2 5
0 21
0 15
6 15
2 13
0 23
0 29
0 31
0 37
2 39
6 46
4 46
6 38
4 38
0 46
2 38
2 46
4 14
6 6
4 6
0 6
2 6
0 14
0 22
6 14
6 22
4 22
2 22
2 14
0 30
0 38
6 48
4 48
2 52
4 52
6 52
0 48
0 52
2 48
4 16
6 20
4 20
2 20
2 16
0 16
0 20
6 16
6 49
6 51
4 51
4 49
2 51
0 49
0 51
2 49
6 19
4 19
4 17
2 19
2 17
0 17
0 19
6 17
6 50
4 50
2 50
0 50
6 18
4 18
2 18
0 18
22 32
20 32
48 4
22 0
20 0
48 0
18 4
18 0
16 4
16 0
20 4
22 4
50 0
50 4
50 32
50 36
48 34
18 2
48 2
16 2
20 2
22 2
50 2
50 34
18 3
18 1
48 1
16 3
16 1
22 1
20 1
20 3
22 3
50 1
50 3
50 33
50 35
48 5
48 29
18 7
18 5
22 13
20 15
16 5
20 13
20 7
20 5
22 5
22 7
50 5
50 7
50 13
50 15
50 21
50 23
50 29
50 31
48 14
18 6
22 14
20 14
16 6
16 22
18 22
20 22
20 6
22 6
50 6
50 14
50 22
50 30
18 8
18 12
20 12
20 8
22 12
22 8
50 8
50 12
50 24
50 28
22 25
20 25
18 25
16 25
18 9
18 11
20 11
20 9
22 11
22 9
50 9
50 11
50 25
50 27
18 10
20 10
22 10
50 10
50 26
20 16
50 16
50 20
48 19
20 17
20 19
50 17
50 19
20 18
50 18
16 39
48 39
48 45
50 37
50 39
50 45
50 47
50 38
50 46
50 41
50 43
50 42
50 40
50 44
48 49
20 49
20 51
50 49
50 51
20 50
50 50
22 48
18 48
50 48
50 52
48 52
22 52
20 52
18 52
16 52
17 39
49 39
17 7
21 7
17 35
17 43
17 27
49 19
17 51
17 3
21 19
21 11
21 3
17 37
17 41
17 29
21 25
17 25
49 29
49 45
49 49
17 49
17 1
49 1
17 5
17 9
21 21
21 9
21 5
21 1
21 13
17 36
17 38
17 40
17 42
17 30
17 28
17 26
21 32
49 14
49 4
49 34
17 48
17 50
21 0
17 2
17 0
49 0
21 14
17 4
21 18
17 6
17 8
21 20
17 22
21 22
21 4
21 2
21 6
21 8
21 10
21 12
49 52
21 52
17 52
21 15
3 1
3 17
3 18
3 16
3 0
3 2
3 9
3 8
3 10
3 15
3 11
3 3
3 7
3 5
3 13
3 4
3 6
3 14
3 12
3 52
3 20
3 22
3 21
3 51
3 19
3 49
3 48
3 50
3 41
3 40
3 42
3 37
3 45
3 36
3 38
3 46
3 44
3 39
3 43
3 47
3 35
