25 12 011
25 11 011
25 9 011
25 4 011
25 2 011
25 37 
23 33 10
23 32 10
23 30 10
23 28 10
23 27 10
23 25 10
23 24 10
23 22 10
23 20 010
23 19 010
23 17 010
23 15 010
23 14 010
23 12 011
23 11 011
23 2 011
23 37 10
23 35 10
20 33 
20 32 10
20 30 10
20 28 
20 27 10
20 25 10
20 24 
20 17 010
20 11 010
20 37 10
20 35 10
18 15 010
18 11 010
18 43 10
18 41 10
18 40 10
18 38 
18 37 
18 35 
15 15 010
15 6 
15 37 10
15 35 10
13 15 010
13 11 010
13 9 010
13 7 010
13 6 010
13 43 10
13 41 10
13 37 10
11 11 010
11 9 010
11 7 010
11 43 10
8 11 010
8 43 10
8 41 10
8 40 
8 38 
6 43 10
6 41 
47 37 00
45 37 00
42 37 
40 37 00
37 37 
35 37 00
32 12 011
32 11 011
32 9 011
32 7 011
32 2 011
32 1 011
32 37 00
30 12 011
30 11 011
30 9 011
30 7 011
30 6 011
30 4 011
30 2 011
30 1 011
30 37 00
28 12 011
28 11 011
28 9 011
28 7 011
28 6 011
28 4 011
28 1 011
28 37 00
