49 2
49 3
48 3
47 3
47 4
46 4
46 5
45 5
45 6
44 5
44 6
45 7
44 7
43 6
43 7
46 8
45 8
44 8
43 8
42 7
42 8
47 7
47 8
47 9
42 9
41 7
41 8
41 9
48 6
48 7
48 8
48 9
48 10
47 10
42 10
41 10
49 5
49 6
49 7
49 8
49 9
49 10
49 11
48 11
47 11
43 11
42 11
41 11
49 12
48 12
47 12
44 10
44 11
42 12
41 12
40 12
49 13
48 13
47 13
45 10
45 11
43 13
42 13
41 13
40 13
39 11
39 12
39 13
44 13
42 14
41 14
40 14
39 14
39 10
45 13
42 15
40 15
39 15
39 9
43 16
42 16
40 16
39 16
38 16
44 15
44 16
44 17
43 17
42 17
41 17
40 17
39 17
38 17
37 15
37 16
37 17
45 15
45 16
45 17
45 18
44 18
42 18
41 18
40 18
39 18
38 18
37 18
36 14
37 14
36 15
36 16
36 17
36 18
46 15
46 16
46 17
46 18
42 19
41 19
39 19
35 13
36 13
37 13
35 14
35 15
35 16
35 17
35 18
47 15
47 16
47 17
47 18
43 20
42 20
41 20
39 20
36 12
34 13
34 14
37 12
34 15
34 16
34 17
34 18
48 15
48 16
48 17
48 18
44 20
44 21
43 21
42 21
41 21
39 21
37 11
33 14
33 15
33 16
33 17
33 18
49 15
49 16
49 17
49 18
45 20
45 21
45 22
44 22
43 22
42 22
41 22
39 22
32 15
32 16
32 17
32 18
46 20
46 21
46 22
46 23
45 23
44 23
42 23
41 23
40 23
39 23
38 23
31 16
31 17
31 18
47 20
47 21
47 22
47 23
47 24
46 24
45 24
42 24
41 24
40 24
39 24
38 24
37 22
37 23
37 24
30 17
30 18
48 20
48 21
48 22
48 23
48 24
48 25
47 25
46 25
45 25
43 25
42 25
37 21
36 23
36 24
49 20
49 21
49 22
49 23
49 24
49 25
49 26
48 26
47 26
46 26
45 26
43 26
42 26
37 20
35 22
35 23
35 24
49 27
48 27
47 27
46 27
45 27
43 27
42 27
34 21
35 21
34 22
34 23
34 24
49 28
48 28
47 28
46 28
45 28
43 28
42 28
34 20
35 20
33 22
33 23
33 24
45 29
43 29
42 29
32 21
32 22
32 23
32 24
45 30
43 30
42 30
32 20
31 23
31 24
45 31
43 31
42 31
30 22
30 23
30 24
46 32
45 32
43 32
42 32
30 21
29 22
29 23
29 24
47 31
47 32
47 33
46 33
45 33
44 33
43 33
42 33
30 20
28 21
28 22
28 23
28 24
47 30
48 30
48 31
48 32
48 33
45 34
44 34
43 34
42 34
27 20
28 20
27 21
27 23
27 24
49 30
49 31
49 32
49 33
45 35
44 35
43 35
42 35
27 19
28 19
26 23
26 24
46 36
45 36
43 36
42 36
28 18
25 23
25 24
47 35
47 36
47 37
46 37
45 37
43 37
42 37
24 23
24 24
48 35
48 36
48 37
48 38
47 38
45 38
43 38
42 38
41 38
23 22
23 23
23 24
49 35
49 36
49 37
49 38
45 39
43 39
42 39
41 39
40 37
40 38
40 39
22 21
22 22
22 23
22 24
46 40
45 40
43 40
42 40
40 40
39 36
40 36
39 37
39 38
39 39
39 40
22 20
21 23
21 24
47 40
47 41
45 41
43 41
42 41
40 41
39 41
38 35
39 35
40 35
38 36
38 38
38 41
22 19
23 19
20 23
20 24
48 40
48 41
48 42
47 42
45 42
43 42
42 42
40 42
39 42
37 34
38 34
39 34
37 35
37 36
40 34
37 38
37 39
37 40
37 41
22 18
23 18
24 18
24 19
19 23
19 24
49 40
49 41
49 42
49 43
48 43
47 43
45 43
43 43
42 43
40 43
39 43
38 43
36 33
37 33
38 33
36 34
36 35
39 33
40 33
36 36
21 17
22 17
23 17
24 17
25 17
25 20
18 23
18 24
49 44
48 44
47 44
45 44
43 44
42 44
40 44
39 44
38 44
37 43
37 44
37 32
35 33
35 34
38 32
39 32
35 35
35 36
35 37
21 16
22 16
23 16
24 16
25 16
26 16
26 17
25 21
17 23
17 24
45 45
43 45
42 45
40 45
39 45
38 45
37 45
36 43
36 44
36 45
37 31
34 32
34 33
34 34
34 35
39 31
40 31
34 36
34 37
35 38
34 38
22 15
23 15
24 15
25 15
26 15
16 23
16 24
46 46
45 46
43 46
42 46
40 46
39 46
38 46
37 46
36 46
35 42
35 43
35 44
35 45
35 46
37 30
33 31
34 31
35 31
33 32
33 33
33 34
33 35
33 36
39 30
40 30
33 37
33 38
35 39
34 39
33 39
23 14
24 14
25 14
26 14
15 23
15 24
46 47
45 47
43 47
42 47
40 47
39 47
38 47
37 47
36 47
35 47
34 41
35 41
34 42
34 43
34 44
34 45
34 46
34 47
37 29
32 30
34 30
32 31
32 32
35 30
32 33
32 34
32 35
32 36
32 37
39 29
40 29
32 38
32 39
35 40
34 40
33 40
32 40
25 13
14 23
14 24
46 48
45 48
43 48
42 48
40 48
39 48
37 48
36 48
35 48
33 41
33 42
33 43
33 44
33 45
33 46
33 47
37 28
32 29
34 29
35 29
31 33
31 34
31 35
31 36
31 37
31 38
39 28
40 28
31 39
31 40
32 41
31 41
25 12
13 22
13 23
13 24
13 25
46 49
45 49
43 49
42 49
40 49
39 49
37 49
35 49
34 49
32 42
32 43
32 44
32 45
32 46
32 47
37 27
32 28
34 28
35 28
30 32
30 33
30 34
30 35
30 36
30 37
30 38
30 39
39 27
40 27
30 40
30 41
31 42
30 42
13 21
14 21
12 23
12 21
12 22
12 24
12 25
13 26
12 26
46 50
45 50
43 50
42 50
40 50
39 50
37 50
35 50
34 50
31 43
31 44
31 45
31 46
31 47
31 48
37 26
32 27
34 27
35 27
29 31
30 31
29 32
29 33
29 38
29 39
39 26
40 26
30 43
12 20
13 20
14 20
15 20
15 21
11 23
11 24
11 20
11 25
11 26
13 27
12 27
11 27
46 51
45 51
43 51
42 51
40 51
39 51
37 51
35 51
34 51
30 44
30 45
30 46
30 47
30 48
32 49
31 49
32 26
34 26
35 26
29 30
30 30
28 31
28 32
28 33
28 38
28 39
12 19
13 19
14 19
15 19
16 19
16 20
16 21
10 23
10 24
10 25
10 20
10 21
10 26
10 27
13 28
12 28
11 28
10 28
29 45
29 46
29 47
29 48
29 49
32 50
31 50
29 29
30 29
27 30
27 31
27 32
27 33
27 38
27 39
11 18
12 18
13 18
14 18
15 18
16 18
17 18
17 19
17 20
17 21
9 23
9 24
9 25
9 26
9 20
9 21
9 27
9 28
13 29
12 29
11 29
10 29
9 29
28 45
28 46
28 47
29 50
32 51
31 51
29 28
30 28
27 29
26 33
10 17
11 17
12 17
10 18
13 17
14 17
15 17
16 17
17 17
18 17
18 18
18 19
18 20
18 21
8 23
8 24
8 25
8 26
8 27
8 19
8 20
8 21
8 28
8 29
13 30
12 30
11 30
10 30
9 30
8 30
27 45
27 46
27 47
29 51
29 27
30 27
27 28
25 33
25 34
9 16
10 16
11 16
9 17
9 18
12 16
13 16
14 16
15 16
16 16
17 16
18 16
19 17
19 18
19 19
19 20
19 21
7 23
7 24
7 25
7 26
7 27
7 28
8 18
7 29
7 30
13 31
12 31
11 31
10 31
9 31
8 31
7 31
26 45
26 46
26 47
26 48
29 26
30 26
27 27
24 33
24 34
25 35
24 35
8 15
9 15
10 15
8 16
8 17
11 15
12 15
13 15
14 15
15 15
16 15
17 15
18 15
20 20
20 21
6 23
6 24
6 25
6 26
6 27
6 28
6 29
6 30
6 31
13 32
12 32
11 32
10 32
9 32
8 32
7 32
6 32
25 44
25 45
25 46
25 47
25 48
27 49
26 49
25 49
27 26
23 33
23 34
23 35
25 36
24 36
23 36
7 14
8 14
9 14
7 15
7 16
10 14
11 14
12 14
13 14
14 14
15 14
16 14
17 14
18 14
5 23
5 24
5 25
5 26
5 27
5 28
5 29
5 30
5 31
5 32
14 33
13 33
12 33
11 33
10 33
9 33
8 33
7 33
6 33
5 33
24 43
25 43
24 44
24 45
24 46
24 47
24 49
27 50
26 50
22 33
22 34
22 35
22 36
25 37
24 37
23 37
22 37
6 13
7 13
8 13
9 13
10 13
11 13
12 13
13 13
14 13
15 13
16 13
17 13
18 13
4 23
4 24
4 25
4 26
4 27
4 28
4 29
4 30
4 31
4 32
4 33
15 33
15 34
14 34
13 34
12 34
11 34
10 34
9 34
8 34
7 34
6 34
5 34
4 34
23 42
24 42
25 42
23 43
23 44
23 45
23 46
23 47
24 50
27 51
26 51
21 33
21 34
21 35
21 36
21 37
24 38
25 38
23 38
22 38
21 38
6 12
7 12
8 12
9 12
10 12
11 12
12 12
13 12
14 12
15 12
16 12
17 12
3 23
3 24
3 25
3 26
3 27
3 28
3 29
3 30
3 31
3 32
3 33
3 34
16 32
16 33
16 34
16 35
15 35
22 41
23 41
24 41
22 42
22 43
25 41
22 44
22 45
22 46
22 47
24 51
20 33
20 34
20 35
20 36
20 37
20 38
24 39
23 39
25 39
22 39
21 39
20 39
6 11
7 11
8 11
9 11
10 11
11 11
12 11
13 11
14 11
15 11
16 11
17 11
2 23
2 24
2 25
2 26
2 27
2 28
2 29
2 30
2 31
2 32
2 33
2 34
15 31
16 31
17 31
17 32
17 33
17 34
16 36
15 36
21 40
22 40
23 40
21 41
21 42
24 40
25 40
21 43
21 44
21 45
21 46
21 47
21 48
19 33
19 34
19 35
19 36
19 37
19 38
19 39
20 40
19 40
6 10
7 10
8 10
9 10
10 10
11 10
12 10
13 10
14 10
15 10
16 10
17 10
1 23
1 24
1 25
1 26
1 27
1 28
1 29
1 30
1 31
1 32
1 33
1 34
15 30
16 30
18 30
18 31
18 32
18 33
18 34
18 35
16 37
15 37
20 41
20 42
20 43
20 44
20 45
20 46
20 47
20 48
22 49
21 49
18 36
18 37
18 38
18 39
18 40
19 41
18 41
6 9
7 9
8 9
9 9
10 9
11 9
12 9
13 9
14 9
15 9
16 9
15 29
16 29
18 29
19 29
19 30
19 31
16 38
15 38
19 42
19 43
19 44
19 45
19 46
19 47
19 48
19 49
22 50
21 50
18 42
8 8
9 8
10 8
11 8
12 8
13 8
14 8
15 8
16 8
15 28
16 28
18 28
19 28
20 28
20 29
20 30
20 31
18 43
18 44
18 45
18 46
18 47
18 49
19 50
18 50
22 51
21 51
9 7
10 7
11 7
12 7
13 7
14 7
15 7
16 7
15 27
16 27
18 27
19 27
20 27
21 27
21 28
21 29
21 30
21 31
17 44
17 45
17 46
17 47
19 51
18 51
10 6
11 6
12 6
13 6
14 6
15 6
16 26
18 26
19 26
20 26
21 26
22 26
22 27
22 28
22 29
22 30
22 31
16 43
16 44
16 45
16 46
16 47
16 48
12 5
13 5
14 5
15 5
23 26
23 27
23 28
23 29
23 30
23 31
15 42
16 42
15 43
15 45
15 46
15 47
15 48
16 49
15 49
13 4
14 4
24 26
24 27
24 28
24 29
24 30
24 31
15 41
16 41
16 50
15 50
14 3
25 26
25 27
25 28
25 29
25 30
25 31
15 40
16 40
16 51
15 51
