###
0
000100 31 21
110001 22 40
###
1
0001000 39 28
010010101 20 10
###
2
00010000 39 34
00111110001 39 20
###
3
10001110 16 38
1100011 37 47
###
4
0100101010 28 7
0111010011 13 12
###
5
100011100 14 42
101011101 20 27
###
6
000010000000 38 32
000100001 40 40
###
7
00000001100000 32 32
0000100000001 45 33
###
8
00101000010 30 19
001111100011 44 20
###
9
1000111000 18 41
1001101001 8 46
###
10
011010110 17 9
01110100111 12 13
###
11
01001010100 30 5
0101000101 25 10
###
12
1000000010000 16 39
10001110001 23 44
###
13
001101000110 47 17
0011111000111 42 22
###
14
011101001110 17 16
011111101111 9 11
###
15
000000011000000 32 29
00000110000001 31 36
###
16
00001000000010 46 36
00001101000011 44 30
###
17
11000110 49 46
111110111 34 47
###
18
010001001000 28 3
010010101001 32 8
###
19
10000000100000 15 35
10000110100001 16 45
###
20
1010111010 22 32
101101011 18 22
###
21
111011110 28 48
1111101111 37 46
###
22
00111010001110 39 21
00111110001111 47 24
###
23
0111100011110 7 13
0111111011111 10 9
###
24
00100000100 28 21
001010000101 32 17
###
25
10010110010 7 44
10011010011 9 48
###
26
0000000110000000 34 30
0000001100000001 31 27
###
27
000011010000110 45 31
00001110000111 43 27
###
28
11110011110 38 48
11111011111 35 44
###
29
000010000000100 46 38
000010100000101 46 35
###
30
0111000011100 14 15
0111010011101 19 16
###
31
0100000010000 25 3
0100010010001 31 2
###
32
001110010011100 36 22
001110100011101 41 20
###
33
000001000000010 30 37
000001100000011 33 34
###
34
100000001000000 15 34
10000011000001 12 39
###
35
01010001010 26 9
0101101011 23 13
###
36
0011000001100 46 15
0011010001101 48 19
###
37
10100010100 22 28
10101110101 22 35
###
38
0100101010010 32 11
0100111010011 32 6
###
39
1011010110 22 21
10111110111 16 23
###
40
1000000010000000 17 37
10000001010000001 15 33
###
41
100001011000010 16 42
100001101000011 17 47
###
42
00001100100001100 42 31
0000110100001101 49 30
###
43
0001000010 47 42
000111100011 38 39
###
44
10001010100010 22 45
100011100011 26 41
###
45
01111000111100 9 14
011110110111101 5 13
###
46
010100010100 28 11
0101010010101 24 8
###
47
111100111100 41 48
1111011111101 36 47
###
48
0010100001010 34 18
001011001011 29 15
###
49
1001000100100 4 45
100101100101 10 42
###
50
011111000111110 9 7
01111110111111 11 11
###
51
001000001000 28 22
0010011001001 28 19
###
52
0000000000000000 28 31
00000001100000001 36 30
###
53
000110000110 34 42
0001111000111 38 39
###
54
100000010100000010 16 32
100000011100000011 13 35
###
55
0011101000111010 41 22
0011101100111011 40 18
###
56
10001001000100 21 42
100010101000101 22 47
###
57
0000101000001010 49 35
0000101100001011 43 34
###
58
0000010000000100 30 36
0000010100000101 29 39
###
59
01000000100000 27 5
010000110100001 25 2
###
60
01100101100 16 9
0110101101 20 9
###
61
0000001000000010 28 29
00000011000000011 31 27
###
62
100110100110 11 48
100111100111 7 48
###
63
1011100101110 15 23
101111101111 18 23
###
64
01110100111010 19 14
01110110111011 19 18
###
65
11100011100 27 48
1110111101 31 47
###
66
00111100011110 50 24
001111100011111 47 24
###
67
00011100001110 36 39
00011110001111 40 39
###
68
00110100011010 49 21
00110110011011 47 18
###
69
01110000111000 14 17
01110010111001 15 14
###
70
101010101010 22 33
101011101011 22 37
###
71
110001100 50 46
11011101 45 46
###
72
000011000000011000 40 31
000011001000011001 44 31
###
73
00101000010100 35 15
00101010010101 33 19
###
74
000000010000000010 35 31
000000011000000011 38 28
###
75
000000110000000110 34 27
000000111000000111 28 26
###
76
01000100100010 33 1
01000110100011 30 3
###
77
0011111000111110 49 26
0011111100111111 45 23
###
78
00110000011000 48 15
00110010011001 42 15
###
79
101000101000 23 28
101001101001 20 27
###
80
01001000100100 32 10
01001010100101 33 12
###
81
01001100100110 31 7
01001110100111 34 5
###
82
1000011010000110 16 48
1000011110000111 17 46
###
83
0000100000001000 50 39
0000100100001001 45 38
###
84
011000011000 15 8
011001011001 16 11
###
85
11110101111010 35 48
11110111111011 37 47
###
86
0111101001111010 5 14
0111101101111011 6 11
###
87
0011100000111000 34 23
0011100100111001 37 21
###
88
1000010010000100 16 41
1000010110000101 16 43
###
89
01010100101010 26 8
01010110101011 23 7
###
90
111000111000 28 46
111001111001 26 49
###
91
0000011000000110 34 34
0000011100000111 28 34
###
92
0111110001111100 11 7
0111110101111101 8 8
###
93
10111001011100 14 24
10111011011101 16 22
###
94
0100001001000010 23 3
0100001101000011 26 1
###
95
10010001001000 6 44
10010011001001 2 48
###
96
00100100010010 27 19
00100110010011 29 19
###
97
1000101010001010 23 46
1000101110001011 22 49
###
98
1100011000 51 47
1100111001 49 44
###
99
111110111110 40 44
111111111111 30 44
