###
0
0 28.000000 27.000000
1 24.000000 62.000000
###
1
00 37.000000 38.000000
01 18.000000 15.000000
###
2
10 15.000000 60.000000
11 36.000000 64.000000
###
3
000 36.000000 29.000000
001 37.000000 47.000000
###
4
010 17.000000 32.000000
011 18.000000 13.000000
###
5
0110 26.000000 10.000000
0111 12.000000 15.000000
###
6
100 17.000000 57.000000
101 7.000000 68.000000
###
7
0000 28.000000 27.000000
0001 41.000000 30.000000
###
8
0010 30.000000 45.000000
0011 43.000000 48.000000
###
9
1000 20.000000 45.000000
1001 17.000000 61.000000
###
10
01110 14.000000 5.000000
01111 12.000000 19.000000
###
11
110 36.000000 60.000000
111 35.000000 69.000000
###
12
10010 21.000000 67.000000
10011 14.000000 58.000000
###
13
01100 26.000000 5.000000
01101 26.000000 15.000000
###
14
00010 39.000000 28.000000
00011 43.000000 35.000000
###
15
011110 15.000000 23.000000
011111 10.000000 16.000000
###
16
00110 42.000000 44.000000
00111 44.000000 53.000000
###
17
1100 46.000000 66.000000
1101 32.000000 57.000000
###
18
000100 44.000000 26.000000
000101 35.000000 31.000000
###
19
00100 31.000000 47.000000
00101 28.000000 41.000000
###
20
100110 13.000000 53.000000
100111 15.000000 67.000000
###
21
1110 41.000000 70.000000
1111 32.000000 68.000000
###
22
0111110 15.000000 13.000000
0111111 7.000000 17.000000
###
23
011000 29.000000 5.000000
011001 23.000000 5.000000
###
24
011010 23.000000 15.000000
011011 29.000000 15.000000
###
25
11010 35.000000 59.000000
11011 28.000000 56.000000
###
26
00000 26.000000 31.000000
00001 30.000000 24.000000
###
27
1010 7.000000 70.000000
1011 9.000000 63.000000
###
28
001100 39.000000 47.000000
001101 44.000000 42.000000
###
29
001000 35.000000 44.000000
001001 29.000000 49.000000
###
30
1001100 13.000000 57.000000
1001101 13.000000 50.000000
###
31
0111100 14.000000 25.000000
0111101 16.000000 20.000000
###
32
11110 34.000000 70.000000
11111 31.000000 67.000000
###
33
011100 15.000000 4.000000
011101 11.000000 9.000000
###
34
100100 22.000000 70.000000
100101 21.000000 62.000000
###
35
0001000 43.000000 23.000000
0001001 45.000000 29.000000
###
36
01111110 6.000000 19.000000
01111111 9.000000 14.000000
###
37
001110 44.000000 51.000000
001111 44.000000 57.000000
###
38
0100 21.000000 28.000000
0101 14.000000 34.000000
###
39
0001010 33.000000 33.000000
0001011 37.000000 28.000000
###
40
10000 20.000000 51.000000
10001 19.000000 40.000000
###
41
10100 8.000000 71.000000
10101 3.000000 68.000000
###
42
111110 29.000000 70.000000
111111 32.000000 64.000000
###
43
0111000 14.000000 2.000000
0111001 17.000000 6.000000
###
44
0110010 23.000000 2.000000
0110011 23.000000 8.000000
###
45
0110000 29.000000 2.000000
0110001 29.000000 8.000000
###
46
1001000 23.000000 72.000000
1001001 21.000000 68.000000
###
47
0010010 27.000000 47.000000
0010011 30.000000 50.000000
###
48
000110 41.000000 34.000000
000111 46.000000 37.000000
###
49
0110100 23.000000 13.000000
0110101 23.000000 18.000000
###
50
001010 27.000000 39.000000
001011 29.000000 42.000000
###
51
000000 26.000000 34.000000
000001 26.000000 28.000000
###
52
01111000 11.000000 24.000000
01111001 16.000000 26.000000
###
53
10011010 14.000000 47.000000
10011011 12.000000 52.000000
###
54
110110 26.000000 54.000000
110111 29.000000 57.000000
###
55
0110110 29.000000 18.000000
0110111 29.000000 13.000000
###
56
110100 33.000000 61.000000
110101 38.000000 57.000000
###
57
11000 45.000000 62.000000
11001 47.000000 69.000000
###
58
1001110 15.000000 62.000000
1001111 15.000000 70.000000
###
59
000010 26.000000 23.000000
000011 32.000000 25.000000
###
60
0011100 43.000000 52.000000
0011101 47.000000 50.000000
###
61
0011010 41.000000 40.000000
0011011 46.000000 44.000000
###
62
101000 10.000000 70.000000
101001 6.000000 72.000000
###
63
01010 13.000000 36.000000
01011 16.000000 33.000000
###
64
00010000 46.000000 23.000000
00010001 41.000000 24.000000
###
65
11100 43.000000 70.000000
11101 39.000000 70.000000
###
66
011111100 8.000000 20.000000
011111101 4.000000 19.000000
###
67
0011000 37.000000 49.000000
0011001 41.000000 46.000000
###
68
011111110 11.000000 16.000000
011111111 8.000000 13.000000
###
69
00010010 44.000000 28.000000
00010011 47.000000 30.000000
###
70
00010100 32.000000 31.000000
00010101 34.000000 34.000000
###
71
01110000 12.000000 3.000000
01110001 16.000000 1.000000
###
72
01111100 18.000000 13.000000
01111101 14.000000 14.000000
###
73
00111000 41.000000 51.000000
00111001 46.000000 53.000000
###
74
100010 19.000000 39.000000
100011 20.000000 43.000000
###
75
01111010 17.000000 19.000000
01111011 14.000000 20.000000
###
76
00010110 36.000000 27.000000
00010111 38.000000 30.000000
###
77
1101110 32.000000 57.000000
1101111 26.000000 58.000000
###
78
10011000 17.000000 57.000000
10011001 10.000000 58.000000
###
79
100000 20.000000 54.000000
100001 20.000000 49.000000
###
80
0010000 36.000000 40.000000
0010001 34.000000 46.000000
###
81
00100110 32.000000 51.000000
00100111 26.000000 50.000000
###
82
1111110 38.000000 64.000000
1111111 28.000000 64.000000
###
83
0010110 32.000000 41.000000
0010111 26.000000 42.000000
###
84
0000110 31.000000 26.000000
0000111 33.000000 22.000000
###
85
01100100 22.000000 1.000000
01100101 24.000000 3.000000
###
86
01100000 28.000000 1.000000
01100001 30.000000 3.000000
###
87
10010000 20.000000 72.000000
10010001 24.000000 71.000000
###
88
100110110 11.000000 53.000000
100110111 14.000000 52.000000
###
89
1111100 28.000000 67.000000
1111101 29.000000 71.000000
###
90
0001100 42.000000 34.000000
0001101 39.000000 34.000000
###
91
01101010 25.000000 18.000000
01101011 21.000000 18.000000
###
92
011110010 17.000000 28.000000
011110011 16.000000 25.000000
###
93
01000 21.000000 32.000000
01001 21.000000 24.000000
###
94
0000010 25.000000 27.000000
0000011 27.000000 29.000000
###
95
0011110 47.000000 58.000000
0011111 42.000000 56.000000
###
96
00110010 42.000000 47.000000
00110011 39.000000 44.000000
###
97
10110 6.000000 62.000000
10111 10.000000 63.000000
###
98
10011110 15.000000 68.000000
10011111 15.000000 72.000000
###
99
1001010 19.000000 63.000000
1001011 22.000000 60.000000
###
100
1010000 10.000000 72.000000
1010001 9.000000 69.000000
###
101
01101100 31.000000 18.000000
01101101 28.000000 18.000000
###
102
1101010 36.000000 54.000000
1101011 38.000000 58.000000
###
103
110000 46.000000 64.000000
110001 45.000000 61.000000
###
104
000100010 41.000000 24.000000
000100011 39.000000 22.000000
###
105
111010 39.000000 71.000000
111011 38.000000 67.000000
###
106
01100110 25.000000 8.000000
01100111 22.000000 8.000000
###
107
0001110 47.000000 35.000000
0001111 46.000000 38.000000
###
108
10010010 23.000000 68.000000
10010011 20.000000 68.000000
###
109
01101110 31.000000 13.000000
01101111 28.000000 13.000000
###
110
01110010 17.000000 7.000000
01110011 17.000000 4.000000
###
111
01100010 31.000000 8.000000
01100011 28.000000 8.000000
###
112
01101000 25.000000 13.000000
01101001 22.000000 13.000000
###
113
0000000 28.000000 34.000000
0000001 25.000000 34.000000
###
114
1101000 37.000000 61.000000
1101001 29.000000 61.000000
###
115
0111111110 7.000000 14.000000
0111111111 9.000000 12.000000
###
116
000100100 47.000000 27.000000
000100101 42.000000 29.000000
###
117
011110000 12.000000 25.000000
011110001 10.000000 23.000000
###
118
010110 14.000000 32.000000
010111 17.000000 34.000000
###
119
00110110 46.000000 45.000000
00110111 46.000000 42.000000
###
120
110010 47.000000 67.000000
110011 48.000000 72.000000
###
121
00100010 33.000000 46.000000
00100011 35.000000 46.000000
###
122
001001100 32.000000 50.000000
001001101 32.000000 52.000000
###
123
111100 34.000000 68.000000
111101 34.000000 72.000000
###
124
00110100 40.000000 39.000000
00110101 42.000000 41.000000
###
125
001110000 42.000000 51.000000
001110001 39.000000 51.000000
###
126
011111010 13.000000 13.000000
011111011 14.000000 16.000000
